[redshift]
temp-day=5700
temp-night=3200
location-provider=manual
brightness-day=1
brightness-night=0.7

[manual]
lat=48.85593705009572
lon=2.3450232998703084
